100004538717465
100005148995709
100005167326821
100005463063905
100005520946465
100005888194679
100006003255787
100006244966680
100006397504921
100006439333228
100006992594778
100007337370647
100007406407700
100009320270323
100009621737150
100009718808592
100009873960468
100009908859863
100010024414502
100011196647720
100011263355196
100011537522180
100012293677224
100012295984369
100012549915556
100012753031159
100013254614827
100013603900803
100013747128351
100014047386722
100014570762891
100014682453536
100014753319312
100014959622989
100015127098984
100015411432672
100016225023465
100016369151121
100016398999110
100016803223349
100016942577824
100017378088196
100017521450674
100017643618373
100018770496925
100018821928007
100019086282449
100019408965708
100020505128203
100020534984284
100020638179930
100021409545516
100021554293467
100021804622915
100021841500376
100021924430390
100022005363124
100022042746361
100022292626537
100022313272898
100022415405796
100022596750307
100022721406614
100022737495227
100022787528182
100022825234576
100022872863021
100023034155562
100023182311553
100023278970575
100023502456175
100023540900257
100023563630905
100023635847752
100023654647557
100023687589372
100024024167284
100024097270662
100024133792533
100024157423711
100024266358291
100024288691407
100024303010948
100024309260697
100024366259478
100024392404821
100024410921944
100024483639958
100024534139327
100024534649758
100024553956188
100024565712879
100024588276292
100024602280937
100024611601608
100024649270195
100024675248958
100024682215460
100024700290349
100024738275038
100024788595224
100024853006841
100024891701442
100024949882298
100024955762261
100024959580840
100024968746728
100025051274032
100025090836105
100025099579863
100025160010465
100025163340668
100025183158720
100025199231321
100025262401794
100025623553582
100027714140813
